CountryName,1990,1991,1992,1993,1994,1995,1996,1997,1998,1999,2000,2001,2002,2003,2004,2005,2006,2007,2008,2009,2010
Afghanistan,,21.2,21.3,21.4,21.4,21.5,23.3,25,26.8,28.5,30.3,32,33.8,35.5,37.3,39.1,40.8,42.6,44.4,46.2,48
American Samoa,93.6,94,94.4,94.8,95.3,95.7,96.1,96.5,96.9,97.4,97.8,98.2,98.6,99,99.4,99.9,100,100,100,100,100
Bangladesh,68.1,68.9,69.7,70.5,71.3,72.1,72.9,73.6,74.4,75.2,76,76.7,77.5,78.3,79.1,79.8,80.6,81.3,82,82.7,83.5
Bhutan,72,72.2,72.4,73.9,75.4,76.9,78.3,79.8,81.2,82.6,83.9,85.3,86.6,87.9,89.1,90.4,91.5,92.7,93.8,94.9,96
Cambodia,23.4,23.5,23.5,25.8,28,30.3,32.6,34.8,37.1,39.4,41.6,43.9,46.1,48.4,50.6,52.9,55.1,57.4,59.7,61.9,64.2
China,66.9,68.3,69.8,71.2,72.5,73.9,75.2,76.5,77.8,79.1,80.3,81.6,82.8,84,85.2,86.3,87.4,88.5,89.5,90.5,91.4
Fiji,86,86.2,86.7,87.2,87.8,88.3,88.8,89.3,89.7,90.2,90.7,91.1,91.6,92,92.5,92.9,93.4,93.8,94.3,94.7,95.1
French Polynesia,100,100,100,100,100,100,100,100,100,100,100,100,100,100,100,100,100,100,100,100,100
Guam,99.7,99.6,99.6,99.6,99.6,99.6,99.6,99.6,99.6,99.6,99.6,99.6,99.6,99.6,99.6,99.6,99.6,99.6,99.5,99.5,99.5
India,70.5,71.5,72.6,73.6,74.6,75.6,76.6,77.6,78.6,79.6,80.6,81.5,82.5,83.5,84.5,85.5,86.5,87.4,88.4,89.4,90.3
Indonesia,69.5,70.3,71.2,72,72.8,73.7,74.5,75.4,76.3,77.1,77.9,78.6,79.3,80,80.6,81.3,81.9,82.6,83.2,83.8,84.5
Japan,100,100,100,100,100,100,100,100,100,100,100,100,100,100,100,100,100,100,100,100,100
Kiribati,49.6,50.3,51,51.8,52.5,53.3,54.3,55.4,56.6,57.7,58.9,59.7,60.3,61,61.6,62.2,62.9,63.5,64.1,64.8,65.4
"Korea, Dem. Rep.",100,100,100,100,100,100,100,99.9,99.9,99.9,99.9,99.9,99.9,99.8,99.8,99.8,99.8,99.8,99.7,99.7,99.7
"Korea, Rep.",,89.6,89.8,90.1,90.3,90.6,91.2,91.8,92.3,92.9,93.4,94,94.5,95.1,95.6,96.1,96.6,97.1,97.6,97.6,97.6
Lao PDR,,,,,39.7,39.9,40.2,40.5,40.8,43.2,45.5,47.8,50.1,52.3,54.6,56.8,59,61.2,63.3,65.4,67.5
Malaysia,90.3,90.7,91.1,91.5,91.8,92.2,92.6,93,93.3,93.7,94.1,94.4,94.8,95.1,95.4,95.7,96.1,96.4,96.7,97,97.3
Maldives,93.2,93.2,93.2,93.2,93.2,93.5,93.8,94.2,94.5,94.8,95.2,95.5,95.9,96.2,96.6,96.9,97.2,97.5,97.8,98.1,98.3
Marshall Islands,92,92.1,92.2,92.3,92.4,92.5,92.7,92.8,92.9,93,93.1,93.2,93.4,93.5,93.6,93.7,93.8,93.9,94.1,94.2,94.3
"Micronesia, Fed. Sts.",91,91,91,90.9,90.8,90.7,90.6,90.5,90.4,90.3,90.1,90,90,89.9,89.8,89.7,89.6,89.5,89.4,89.3,89.2
Mongolia,53.4,53.4,53.3,53.3,53.3,53.7,54.2,54.6,55.1,55.6,56.3,57.2,58,58.8,59.6,60.2,60.9,61.5,62,62.5,62.9
Myanmar,58.5,58.5,58.6,58.6,59.7,60.9,62,63.2,64.3,65.4,66.6,67.7,68.9,70,71.2,72.3,73.5,74.6,75.8,76.9,78.1
Nepal,65.9,67,68.2,69.3,70.5,71.6,72.7,73.8,75,76,77.1,78.2,79.2,80.2,81.2,82.2,83.2,84.1,85.1,86.1,87
New Caledonia,,,,,,,,,94,94,94,94,94,94.5,95,95.5,96,96.5,97,97.5,98
New Zealand,100,100,100,100,100,100,100,100,100,100,100,100,100,100,100,100,100,100,100,100,100
Northern Mariana Islands,94,94.1,94.3,94.5,94.6,94.8,94.9,95.1,95.3,95.4,95.6,95.8,95.9,96.1,96.2,96.4,96.6,96.7,96.9,97.1,97.2
Pakistan,86.3,86.5,86.7,87,87.2,87.4,87.6,87.8,88.1,88.3,88.5,88.7,88.9,89.1,89.3,89.5,89.7,89.9,90.1,90.3,90.5
Palau,90,90.3,90.6,90.9,91.2,91.5,91.6,91.7,91.9,92,92.2,92.7,93.1,93.5,93.9,94.3,94.6,94.8,94.9,95.1,95.2
Papua New Guinea,33.8,33.6,33.5,33.4,33.3,33.6,33.9,34.2,34.5,34.8,35.1,35.5,35.9,36.3,36.7,37.1,37.5,37.9,38.3,38.7,39.1
Philippines,83.9,84.2,84.5,84.9,85.2,85.5,85.8,86.1,86.4,86.7,87.1,87.4,87.7,88,88.3,88.6,88.9,89.2,89.5,89.8,90.1
Samoa,88.9,89.4,89.8,90.2,90.7,91.1,91.6,92,92.4,92.9,93.3,93.8,94.2,94.6,95,95.5,95.9,96.3,96.8,97.2,97.6
Singapore,100,100,100,100,100,100,100,100,100,100,100,100,100,100,100,100,100,100,100,100,100
Solomon Islands,,,,,,,,,,,79.7,79.8,79.8,79.9,80,80,80.1,80.2,80.3,80.3,80.4
Sri Lanka,68.3,69.5,70.6,71.7,72.9,74,75.1,76.3,77.4,78.6,79.7,80.8,82,83.1,84.2,85.4,86.5,87.6,88.8,89.9,91.1
Thailand,87.3,87.8,88.2,88.7,89.2,89.6,90.1,90.5,91,91.4,91.9,92.4,92.9,93.3,93.8,94.3,94.7,95.2,95.6,96,96.4
Timor-Leste,,,,,,52.8,52.9,52.9,53,53.1,54.3,55.6,56.9,58.2,59.6,60.9,62.4,63.8,65.2,66.7,68.2
Tonga,98.6,98.6,98.6,98.6,98.6,98.6,98.6,98.6,98.6,98.6,98.6,98.6,98.6,98.6,98.6,98.7,98.8,98.9,99,99.1,99.2
Tuvalu,89.8,90.3,90.7,91.1,91.5,91.9,92.3,92.8,93.2,93.6,94,94.4,94.8,95.2,95.6,96,96.4,96.9,97.3,97.7,97.7
Vanuatu,62.4,63.7,65.1,66.5,67.8,69.2,70.5,71.8,73.2,74.5,75.8,77.1,78.4,79.7,80.9,82.2,83.5,84.7,86,87.2,88.4
Vietnam,62.7,64.2,65.7,67.2,68.7,70.1,71.6,73.1,74.5,75.9,77.4,78.9,80.3,81.7,83.1,84.5,85.9,87.3,88.6,89.9,91.3
